5	7	136.7313796975	45.3011517948	-1086.1206691001	-0.1255024924	0.0418341641	0	16
4	7	229.3011460454	45.3011517948	-1088.2615774897	-0.2091708207	0.0418341641	0	16
3	7	323.5737695025	45.3011517948	-1089.7150177834	-0.292839149	0.0418341641	0	16
2	7	420.1078102247	45.3011517948	-1090.4708212675	-0.3765074773	0.0418341641	0	16
1	7	519.5578010695	45.3011517948	-1090.5237001095	-0.4601758056	0.0418341641	0	16
0	7	622.7159330937	45.3011517948	-1089.8732843527	-0.5438441339	0.0418341641	0	16
6	8	45.4884858149	136.5242981083	-1086.1297617586	-0.0418341641	0.1255024924	0	16
5	8	137.0849895227	136.5242981083	-1088.9234127838	-0.1255024924	0.1255024924	0	16
4	8	229.887746264	136.5242981083	-1091.0249653105	-0.2091708207	0.1255024924	0	16
3	8	324.3892560797	136.5242981083	-1092.4197162336	-0.292839149	0.1255024924	0	16
2	8	421.1464777667	136.5242981083	-1093.0979074484	-0.3765074773	0.1255024924	0	16
1	8	520.81238274	136.5242981083	-1093.0547941213	-0.4601758056	0.1255024924	0	16
0	8	624.177651455	136.5242981083	-1092.2906778864	-0.5438441339	0.1255024924	0	16
6	9	45.578986704	228.9576202244	-1088.2918245051	-0.0418341641	0.2091708207	0	16
5	9	137.355859018	228.9576202244	-1091.070349077		-0.1255024924	0.2091708207	0	16
4	9	230.3370892797	228.9576202244	-1093.1417545265	-0.2091708207	0.2091708207	0	16
3	9	325.0139288743	228.9576202244	-1094.4915486666	-0.292839149	0.2091708207	0	16
2	9	421.942109938	228.9576202244	-1095.110287924		-0.3765074773	0.2091708207	0	16
1	9	521.7734078017	228.9576202244	-1094.9936434093	-0.4601758056	0.2091708207	0	16
6	10	45.6412098413	323.0962028616	-1089.7783328517	-0.0418341641	0.292839149	0	16
5	10	137.5420930977	323.0962028616	-1092.5464573559	-0.1255024924	0.292839149	0	16
4	10	230.646031351	323.0962028616	-1094.597135432		-0.2091708207	0.292839149	0	16
3	10	325.443417484	323.0962028616	-1095.916019908		-0.292839149	0.292839149	0	16
2	10	422.4891402522	323.0962028616	-1096.4938834642	-0.3765074773	0.292839149	0	16
1	10	522.4341526287	323.0962028616	-1096.32668319		-0.4601758056	0.292839149	0	16
6	11	45.6747198946	419.4995439664	-1090.5788867307	-0.0418341641	0.3765074773	0	16
5	11	137.6423888109	419.4995439664	-1093.3414103147	-0.1255024924	0.3765074773	0	16
4	11	230.8124110247	419.4995439664	-1095.3809257362	-0.2091708207	0.3765074773	0	16
3	11	325.674717075	419.4995439664	-1096.6831639206	-0.292839149	0.3765074773	0	16
2	11	422.7837415176	419.4995439664	-1097.2390140106	-0.3765074773	0.3765074773	0	16
6	12	45.6792824173	518.8230908109	-1090.6878852219	-0.0418341641	0.4601758056	0	16
5	12	137.6560444582	518.8230908109	-1093.4496462191	-0.1255024924	0.4601758056	0	16
4	12	230.8350642575	518.8230908109	-1095.4876418022	-0.2091708207	0.4601758056	0	16
3	12	325.7062094043	518.8230908109	-1096.78761353		-0.292839149	0.4601758056	0	16
6	13	45.6548654886	621.8599190927	-1090.1045657385	-0.0418341641	0.5438441339	0	16
5	13	137.5829645005	621.8599190927	-1092.8704078175	-0.1255024924	0.5438441339	0	16
7	8	45.3703403459	45.3011517948	-1083.3072710655	-0.0418341641	0.0418341641	6.2831853072	32
1	10	625.2973457812	228.9576202244	-1094.1424312033	-0.5438441339	0.2091708207	6.2831853072	32
2	12	522.7899944479	419.4995439664	-1097.0445871088	-0.4601758056	0.3765074773	6.2831853072	32
3	13	422.8238526135	518.8230908109	-1097.3404664019	-0.3765074773	0.4601758056	6.2831853072	32
5	14	230.7138325605	621.8599190927	-1094.9165370117	-0.2091708207	0.5438441339	6.2831853072	32
0	8	707.9662496856	45.3011517948	-1088.524124505		-0.6275124621	0.0418341641	6.2831853072	22
0	9	709.6248781083	136.5242981083	-1090.8109047349	-0.6275124621	0.1255024924	6.2831853072	22
1	11	603.4635459842	323.0962028616	-1095.4155888699	-0.5438441339	0.292839149	6.2831853072	22
7	15	45.6016399369	706.9949208785	-1088.8330093623	-0.0418341641	0.6275124621	1.5707963268	22
6	15	137.4236602275	706.9949208785	-1091.6077476392	-0.1255024924	0.6275124621	1.5707963268	22
4	14	325.5376741422	599.2562827291	-1096.2286379746	-0.292839149	0.5438441339	1.5707963268	22
