#Global detector geometry and transforamtion; lengths given in cm
Gx0 0
Gy0 0
Gz0 0
Grot_x 0
Grot_y 0
Grot_z 0
Gtower_dx 10
Gtower_dy 15
Gtower_dz 60
#Tower type,idx_j,idx_k,idx_l,x[cm],y[cm],z[cm],dx[cm],dy[cm],dz[cm],rot_x,rot_y,rot_z
Tower 0	0	0	0	0	0	1820.6	10	15	20	0	0	0
Tower 0	0	1	0	0	0	1843	10	15	20	0	0	0
Tower 0	0	2	0	0	0	1865.4	10	15	20	0	0	0	
Tower 0	1	0	0	0	0	-1820.6	10	15	-20	0	0	0
Tower 0	1	1	0	0	0	-1843	10	15	-20	0	0	0
Tower 0	1	2	0	0	0	-1865.4	10	15	-20	0	0	0
Tower 1	10	10	0	-4.5	-4.6	1827.3	1.5	1.4	1.4	0	0	0
Tower 1	10	11	0	-4.5	-3.182	1828.7	1.5	1.4	1.4	0	0	0
Tower 1	10	12	0	-4.5	-1.77	1830	1.5	1.4	1.4	0	0	0
Tower 1	10	13	0	-4.5	-0.354	1831.5	1.5	1.4	1.4	0	0	0
Tower 1	10	14	0	-4.5	-1.061	1832.9	1.5	1.4	1.4	0	0	0
Tower 1	10	15	0	-4.5	-2.475	1834.3	1.5	1.4	1.4	0	0	0
Tower 1	10	16	0	-4.5	-3.889	1835.8	1.5	1.4	1.4	0	0	0
Tower 1	10	17	0	-4.5	-5.303	1837.2	1.5	1.4	1.4	0	0	0	
Tower 1	11	10	0	-3	-4.6	1827.3	1.5	1.4	1.4	0	0	0
Tower 1	11	11	0	-3	-3.182	1828.7	1.5	1.4	1.4	0	0	0
Tower 1	11	12	0	-3	-1.77	1830	1.5	1.4	1.4	0	0	0
Tower 1	11	13	0	-3	-0.354	1831.5	1.5	1.4	1.4	0	0	0
Tower 1	11	14	0	-3	-1.061	1832.9	1.5	1.4	1.4	0	0	0
Tower 1	11	15	0	-3	-2.475	1834.3	1.5	1.4	1.4	0	0	0
Tower 1	11	16	0	-3	-3.889	1835.8	1.5	1.4	1.4	0	0	0
Tower 1	11	17	0	-3	-5.303	1837.2	1.5	1.4	1.4	0	0	0
Tower 1	12	10	0	-1.5	-4.6	1827.3	1.5	1.4	1.4	0	0	0
Tower 1	12	11	0	-1.5	-3.182	1828.7	1.5	1.4	1.4	0	0	0
Tower 1	12	12	0	-1.5	-1.77	1830	1.5	1.4	1.4	0	0	0
Tower 1	12	13	0	-1.5	-0.354	1831.5	1.5	1.4	1.4	0	0	0
Tower 1	12	14	0	-1.5	-1.061	1832.9	1.5	1.4	1.4	0	0	0
Tower 1	12	15	0	-1.5	-2.475	1834.3	1.5	1.4	1.4	0	0	0
Tower 1	12	16	0	-1.5	-3.889	1835.8	1.5	1.4	1.4	0	0	0
Tower 1	12	17	0	-1.5	-5.303	1837.2	1.5	1.4	1.4	0	0	0
Tower 1	13	10	0	0	-4.6	1827.3	1.5	1.4	1.4	0	0	0
Tower 1	13	11	0	0	-3.182	1828.7	1.5	1.4	1.4	0	0	0
Tower 1	13	12	0	0	-1.77	1830	1.5	1.4	1.4	0	0	0
Tower 1	13	13	0	0	-0.354	1831.5	1.5	1.4	1.4	0	0	0
Tower 1	13	14	0	0	-1.061	1832.9	1.5	1.4	1.4	0	0	0
Tower 1	13	15	0	0	-2.475	1834.3	1.5	1.4	1.4	0	0	0
Tower 1	13	16	0	0	-3.889	1835.8	1.5	1.4	1.4	0	0	0
Tower 1	13	17	0	0	-5.303	1837.2	1.5	1.4	1.4	0	0	0
Tower 1	14	10	0	1.5	-4.6	1827.3	1.5	1.4	1.4	0	0	0
Tower 1	14	11	0	1.5	-3.182	1828.7	1.5	1.4	1.4	0	0	0
Tower 1	14	12	0	1.5	-1.77	1830	1.5	1.4	1.4	0	0	0
Tower 1	14	13	0	1.5	-0.354	1831.5	1.5	1.4	1.4	0	0	0
Tower 1	14	14	0	1.5	-1.061	1832.9	1.5	1.4	1.4	0	0	0
Tower 1	14	15	0	1.5	-2.475	1834.3	1.5	1.4	1.4	0	0	0
Tower 1	14	16	0	1.5	-3.889	1835.8	1.5	1.4	1.4	0	0	0
Tower 1	14	17	0	1.5	-5.303	1837.2	1.5	1.4	1.4	0	0	0
Tower 1	15	10	0	3	-4.6	1827.3	1.5	1.4	1.4	0	0	0
Tower 1	15	11	0	3	-3.182	1828.7	1.5	1.4	1.4	0	0	0
Tower 1	15	12	0	3	-1.77	1830	1.5	1.4	1.4	0	0	0
Tower 1	15	13	0	3	-0.354	1831.5	1.5	1.4	1.4	0	0	0
Tower 1	15	14	0	3	-1.061	1832.9	1.5	1.4	1.4	0	0	0
Tower 1	15	15	0	3	-2.475	1834.3	1.5	1.4	1.4	0	0	0
Tower 1	15	16	0	3	-3.889	1835.8	1.5	1.4	1.4	0	0	0
Tower 1	15	17	0	3	-5.303	1837.2	1.5	1.4	1.4	0	0	0
Tower 1	16	10	0	4.5	-4.6	1827.3	1.5	1.4	1.4	0	0	0
Tower 1	16	11	0	4.5	-3.182	1828.7	1.5	1.4	1.4	0	0	0
Tower 1	16	12	0	4.5	-1.77	1830	1.5	1.4	1.4	0	0	0
Tower 1	16	13	0	4.5	-0.354	1831.5	1.5	1.4	1.4	0	0	0
Tower 1	16	14	0	4.5	-1.061	1832.9	1.5	1.4	1.4	0	0	0
Tower 1	16	15	0	4.5	-2.475	1834.3	1.5	1.4	1.4	0	0	0
Tower 1	16	16	0	4.5	-3.889	1835.8	1.5	1.4	1.4	0	0	0
Tower 1	16	17	0	4.5	-5.303	1837.2	1.5	1.4	1.4	0	0	0
Tower 1	17	10	0	4.5	-4.6	1827.3	1.5	1.4	1.4	0	0	0
Tower 1	17	11	0	4.5	-3.182	1828.7	1.5	1.4	1.4	0	0	0
Tower 1	17	12	0	4.5	-1.77	1830	1.5	1.4	1.4	0	0	0
Tower 1	17	13	0	4.5	-0.354	1831.5	1.5	1.4	1.4	0	0	0
Tower 1	17	14	0	4.5	-1.061	1832.9	1.5	1.4	1.4	0	0	0
Tower 1	17	15	0	4.5	-2.475	1834.3	1.5	1.4	1.4	0	0	0
Tower 1	17	16	0	4.5	-3.889	1835.8	1.5	1.4	1.4	0	0	0
Tower 1	17	17	0	4.5	-5.303	1837.2	1.5	1.4	1.4	0	0	0
Tower 1	18	10	0	3	-4.6	1827.3	1.5	1.4	1.4	0	0	0
Tower 1	18	11	0	3	-3.182	1828.7	1.5	1.4	1.4	0	0	0
Tower 1	18	12	0	3	-1.77	1830	1.5	1.4	1.4	0	0	0
Tower 1	18	13	0	3	-0.354	1831.5	1.5	1.4	1.4	0	0	0
Tower 1	18	14	0	3	-1.061	1832.9	1.5	1.4	1.4	0	0	0
Tower 1	18	15	0	3	-2.475	1834.3	1.5	1.4	1.4	0	0	0
Tower 1	18	16	0	3	-3.889	1835.8	1.5	1.4	1.4	0	0	0
Tower 1	18	17	0	3	-5.303	1837.2	1.5	1.4	1.4	0	0	0
Tower 1	19	10	0	1.5	-4.6	1827.3	1.5	1.4	1.4	0	0	0
Tower 1	19	11	0	1.5	-3.182	1828.7	1.5	1.4	1.4	0	0	0
Tower 1	19	12	0	1.5	-1.77	1830	1.5	1.4	1.4	0	0	0
Tower 1	19	13	0	1.5	-0.354	1831.5	1.5	1.4	1.4	0	0	0
Tower 1	19	14	0	1.5	-1.061	1832.9	1.5	1.4	1.4	0	0	0
Tower 1	19	15	0	1.5	-2.475	1834.3	1.5	1.4	1.4	0	0	0
Tower 1	19	16	0	1.5	-3.889	1835.8	1.5	1.4	1.4	0	0	0
Tower 1	19	17	0	1.5	-5.303	1837.2	1.5	1.4	1.4	0	0	0
Tower 1	20	10	0	0	-4.6	1827.3	1.5	1.4	1.4	0	0	0
Tower 1	20	11	0	0	-3.182	1828.7	1.5	1.4	1.4	0	0	0
Tower 1	20	12	0	0	-1.77	1830	1.5	1.4	1.4	0	0	0
Tower 1	20	13	0	0	-0.354	1831.5	1.5	1.4	1.4	0	0	0
Tower 1	20	14	0	0	-1.061	1832.9	1.5	1.4	1.4	0	0	0
Tower 1	20	15	0	0	-2.475	1834.3	1.5	1.4	1.4	0	0	0
Tower 1	20	16	0	0	-3.889	1835.8	1.5	1.4	1.4	0	0	0
Tower 1	20	17	0	0	-5.303	1837.2	1.5	1.4	1.4	0	0	0
Tower 1	21	10	0	-1.5	-4.6	1827.3	1.5	1.4	1.4	0	0	0
Tower 1	21	11	0	-1.5	-3.182	1828.7	1.5	1.4	1.4	0	0	0
Tower 1	21	12	0	-1.5	-1.77	1830	1.5	1.4	1.4	0	0	0
Tower 1	21	13	0	-1.5	-0.354	1831.5	1.5	1.4	1.4	0	0	0
Tower 1	21	14	0	-1.5	-1.061	1832.9	1.5	1.4	1.4	0	0	0
Tower 1	21	15	0	-1.5	-2.475	1834.3	1.5	1.4	1.4	0	0	0
Tower 1	21	16	0	-1.5	-3.889	1835.8	1.5	1.4	1.4	0	0	0
Tower 1	21	17	0	-1.5	-5.303	1837.2	1.5	1.4	1.4	0	0	0
Tower 1	22	10	0	-3	-4.6	1827.3	1.5	1.4	1.4	0	0	0
Tower 1	22	11	0	-3	-3.182	1828.7	1.5	1.4	1.4	0	0	0
Tower 1	22	12	0	-3	-1.77	1830	1.5	1.4	1.4	0	0	0
Tower 1	22	13	0	-3	-0.354	1831.5	1.5	1.4	1.4	0	0	0
Tower 1	22	14	0	-3	-1.061	1832.9	1.5	1.4	1.4	0	0	0
Tower 1	22	15	0	-3	-2.475	1834.3	1.5	1.4	1.4	0	0	0
Tower 1	22	16	0	-3	-3.889	1835.8	1.5	1.4	1.4	0	0	0
Tower 1	22	17	0	-3	-5.303	1837.2	1.5	1.4	1.4	0	0	0
Tower 1	23	10	0	-4.5	-4.6	1827.3	1.5	1.4	1.4	0	0	0
Tower 1	23	11	0	-4.5	-3.182	1828.7	1.5	1.4	1.4	0	0	0
Tower 1	23	12	0	-4.5	-1.77	1830	1.5	1.4	1.4	0	0	0
Tower 1	23	13	0	-4.5	-0.354	1831.5	1.5	1.4	1.4	0	0	0
Tower 1	23	14	0	-4.5	-1.061	1832.9	1.5	1.4	1.4	0	0	0
Tower 1	23	15	0	-4.5	-2.475	1834.3	1.5	1.4	1.4	0	0	0
Tower 1	23	16	0	-4.5	-3.889	1835.8	1.5	1.4	1.4	0	0	0
Tower 1	23	17	0	-4.5	-5.303	1837.2	1.5	1.4	1.4	0	0	0
