2 22 -250 -50
2 23 -250 -40
2 24 -250 -30
2 25 -250 -20
2 26 -250 -10
2 27 -250 0
2 28 -250 10
2 29 -250 20
2 30 -250 30
2 31 -250 40
2 32 -250 50
3 19 -240 -80
3 20 -240 -70
3 21 -240 -60
3 22 -240 -50
3 23 -240 -40
3 24 -240 -30
3 25 -240 -20
3 26 -240 -10
3 27 -240 0
3 28 -240 10
3 29 -240 20
3 30 -240 30
3 31 -240 40
3 32 -240 50
3 33 -240 60
3 34 -240 70
3 35 -240 80
4 16 -230 -110
4 17 -230 -100
4 18 -230 -90
4 19 -230 -80
4 20 -230 -70
4 21 -230 -60
4 22 -230 -50
4 23 -230 -40
4 24 -230 -30
4 25 -230 -20
4 26 -230 -10
4 27 -230 0
4 28 -230 10
4 29 -230 20
4 30 -230 30
4 31 -230 40
4 32 -230 50
4 33 -230 60
4 34 -230 70
4 35 -230 80
4 36 -230 90
4 37 -230 100
4 38 -230 110
5 15 -220 -120
5 16 -220 -110
5 17 -220 -100
5 18 -220 -90
5 19 -220 -80
5 20 -220 -70
5 21 -220 -60
5 22 -220 -50
5 23 -220 -40
5 24 -220 -30
5 25 -220 -20
5 26 -220 -10
5 27 -220 0
5 28 -220 10
5 29 -220 20
5 30 -220 30
5 31 -220 40
5 32 -220 50
5 33 -220 60
5 34 -220 70
5 35 -220 80
5 36 -220 90
5 37 -220 100
5 38 -220 110
5 39 -220 120
6 13 -210 -140
6 14 -210 -130
6 15 -210 -120
6 16 -210 -110
6 17 -210 -100
6 18 -210 -90
6 19 -210 -80
6 20 -210 -70
6 21 -210 -60
6 22 -210 -50
6 23 -210 -40
6 24 -210 -30
6 25 -210 -20
6 26 -210 -10
6 27 -210 0
6 28 -210 10
6 29 -210 20
6 30 -210 30
6 31 -210 40
6 32 -210 50
6 33 -210 60
6 34 -210 70
6 35 -210 80
6 36 -210 90
6 37 -210 100
6 38 -210 110
6 39 -210 120
6 40 -210 130
6 41 -210 140
7 12 -200 -150
7 13 -200 -140
7 14 -200 -130
7 15 -200 -120
7 16 -200 -110
7 17 -200 -100
7 18 -200 -90
7 19 -200 -80
7 20 -200 -70
7 21 -200 -60
7 22 -200 -50
7 23 -200 -40
7 24 -200 -30
7 25 -200 -20
7 26 -200 -10
7 27 -200 0
7 28 -200 10
7 29 -200 20
7 30 -200 30
7 31 -200 40
7 32 -200 50
7 33 -200 60
7 34 -200 70
7 35 -200 80
7 36 -200 90
7 37 -200 100
7 38 -200 110
7 39 -200 120
7 40 -200 130
7 41 -200 140
7 42 -200 150
8 11 -190 -160
8 12 -190 -150
8 13 -190 -140
8 14 -190 -130
8 15 -190 -120
8 16 -190 -110
8 17 -190 -100
8 18 -190 -90
8 19 -190 -80
8 20 -190 -70
8 21 -190 -60
8 22 -190 -50
8 23 -190 -40
8 24 -190 -30
8 25 -190 -20
8 26 -190 -10
8 27 -190 0
8 28 -190 10
8 29 -190 20
8 30 -190 30
8 31 -190 40
8 32 -190 50
8 33 -190 60
8 34 -190 70
8 35 -190 80
8 36 -190 90
8 37 -190 100
8 38 -190 110
8 39 -190 120
8 40 -190 130
8 41 -190 140
8 42 -190 150
8 43 -190 160
9 9 -180 -180
9 10 -180 -170
9 11 -180 -160
9 12 -180 -150
9 13 -180 -140
9 14 -180 -130
9 15 -180 -120
9 16 -180 -110
9 17 -180 -100
9 18 -180 -90
9 19 -180 -80
9 20 -180 -70
9 21 -180 -60
9 22 -180 -50
9 23 -180 -40
9 24 -180 -30
9 25 -180 -20
9 26 -180 -10
9 27 -180 0
9 28 -180 10
9 29 -180 20
9 30 -180 30
9 31 -180 40
9 32 -180 50
9 33 -180 60
9 34 -180 70
9 35 -180 80
9 36 -180 90
9 37 -180 100
9 38 -180 110
9 39 -180 120
9 40 -180 130
9 41 -180 140
9 42 -180 150
9 43 -180 160
9 44 -180 170
9 45 -180 180
10 9 -170 -180
10 10 -170 -170
10 11 -170 -160
10 12 -170 -150
10 13 -170 -140
10 14 -170 -130
10 15 -170 -120
10 16 -170 -110
10 17 -170 -100
10 18 -170 -90
10 19 -170 -80
10 20 -170 -70
10 21 -170 -60
10 22 -170 -50
10 23 -170 -40
10 24 -170 -30
10 25 -170 -20
10 26 -170 -10
10 27 -170 0
10 28 -170 10
10 29 -170 20
10 30 -170 30
10 31 -170 40
10 32 -170 50
10 33 -170 60
10 34 -170 70
10 35 -170 80
10 36 -170 90
10 37 -170 100
10 38 -170 110
10 39 -170 120
10 40 -170 130
10 41 -170 140
10 42 -170 150
10 43 -170 160
10 44 -170 170
10 45 -170 180
11 8 -160 -190
11 9 -160 -180
11 10 -160 -170
11 11 -160 -160
11 12 -160 -150
11 13 -160 -140
11 14 -160 -130
11 15 -160 -120
11 16 -160 -110
11 17 -160 -100
11 18 -160 -90
11 19 -160 -80
11 20 -160 -70
11 21 -160 -60
11 22 -160 -50
11 23 -160 -40
11 24 -160 -30
11 25 -160 -20
11 26 -160 -10
11 27 -160 0
11 28 -160 10
11 29 -160 20
11 30 -160 30
11 31 -160 40
11 32 -160 50
11 33 -160 60
11 34 -160 70
11 35 -160 80
11 36 -160 90
11 37 -160 100
11 38 -160 110
11 39 -160 120
11 40 -160 130
11 41 -160 140
11 42 -160 150
11 43 -160 160
11 44 -160 170
11 45 -160 180
11 46 -160 190
12 7 -150 -200
12 8 -150 -190
12 9 -150 -180
12 10 -150 -170
12 11 -150 -160
12 12 -150 -150
12 13 -150 -140
12 14 -150 -130
12 15 -150 -120
12 16 -150 -110
12 17 -150 -100
12 18 -150 -90
12 19 -150 -80
12 20 -150 -70
12 21 -150 -60
12 22 -150 -50
12 23 -150 -40
12 24 -150 -30
12 25 -150 -20
12 26 -150 -10
12 27 -150 0
12 28 -150 10
12 29 -150 20
12 30 -150 30
12 31 -150 40
12 32 -150 50
12 33 -150 60
12 34 -150 70
12 35 -150 80
12 36 -150 90
12 37 -150 100
12 38 -150 110
12 39 -150 120
12 40 -150 130
12 41 -150 140
12 42 -150 150
12 43 -150 160
12 44 -150 170
12 45 -150 180
12 46 -150 190
12 47 -150 200
13 6 -140 -210
13 7 -140 -200
13 8 -140 -190
13 9 -140 -180
13 10 -140 -170
13 11 -140 -160
13 12 -140 -150
13 13 -140 -140
13 14 -140 -130
13 15 -140 -120
13 16 -140 -110
13 17 -140 -100
13 18 -140 -90
13 19 -140 -80
13 20 -140 -70
13 21 -140 -60
13 22 -140 -50
13 23 -140 -40
13 24 -140 -30
13 25 -140 -20
13 26 -140 -10
13 27 -140 0
13 28 -140 10
13 29 -140 20
13 30 -140 30
13 31 -140 40
13 32 -140 50
13 33 -140 60
13 34 -140 70
13 35 -140 80
13 36 -140 90
13 37 -140 100
13 38 -140 110
13 39 -140 120
13 40 -140 130
13 41 -140 140
13 42 -140 150
13 43 -140 160
13 44 -140 170
13 45 -140 180
13 46 -140 190
13 47 -140 200
13 48 -140 210
14 6 -130 -210
14 7 -130 -200
14 8 -130 -190
14 9 -130 -180
14 10 -130 -170
14 11 -130 -160
14 12 -130 -150
14 13 -130 -140
14 14 -130 -130
14 15 -130 -120
14 16 -130 -110
14 17 -130 -100
14 18 -130 -90
14 19 -130 -80
14 20 -130 -70
14 21 -130 -60
14 22 -130 -50
14 23 -130 -40
14 24 -130 -30
14 25 -130 -20
14 26 -130 -10
14 27 -130 0
14 28 -130 10
14 29 -130 20
14 30 -130 30
14 31 -130 40
14 32 -130 50
14 33 -130 60
14 34 -130 70
14 35 -130 80
14 36 -130 90
14 37 -130 100
14 38 -130 110
14 39 -130 120
14 40 -130 130
14 41 -130 140
14 42 -130 150
14 43 -130 160
14 44 -130 170
14 45 -130 180
14 46 -130 190
14 47 -130 200
14 48 -130 210
15 5 -120 -220
15 6 -120 -210
15 7 -120 -200
15 8 -120 -190
15 9 -120 -180
15 10 -120 -170
15 11 -120 -160
15 12 -120 -150
15 13 -120 -140
15 14 -120 -130
15 15 -120 -120
15 16 -120 -110
15 17 -120 -100
15 18 -120 -90
15 19 -120 -80
15 20 -120 -70
15 21 -120 -60
15 22 -120 -50
15 23 -120 -40
15 24 -120 -30
15 25 -120 -20
15 26 -120 -10
15 27 -120 0
15 28 -120 10
15 29 -120 20
15 30 -120 30
15 31 -120 40
15 32 -120 50
15 33 -120 60
15 34 -120 70
15 35 -120 80
15 36 -120 90
15 37 -120 100
15 38 -120 110
15 39 -120 120
15 40 -120 130
15 41 -120 140
15 42 -120 150
15 43 -120 160
15 44 -120 170
15 45 -120 180
15 46 -120 190
15 47 -120 200
15 48 -120 210
15 49 -120 220
16 4 -110 -230
16 5 -110 -220
16 6 -110 -210
16 7 -110 -200
16 8 -110 -190
16 9 -110 -180
16 10 -110 -170
16 11 -110 -160
16 12 -110 -150
16 13 -110 -140
16 14 -110 -130
16 15 -110 -120
16 16 -110 -110
16 17 -110 -100
16 18 -110 -90
16 19 -110 -80
16 20 -110 -70
16 21 -110 -60
16 22 -110 -50
16 23 -110 -40
16 24 -110 -30
16 25 -110 -20
16 26 -110 -10
16 27 -110 0
16 28 -110 10
16 29 -110 20
16 30 -110 30
16 31 -110 40
16 32 -110 50
16 33 -110 60
16 34 -110 70
16 35 -110 80
16 36 -110 90
16 37 -110 100
16 38 -110 110
16 39 -110 120
16 40 -110 130
16 41 -110 140
16 42 -110 150
16 43 -110 160
16 44 -110 170
16 45 -110 180
16 46 -110 190
16 47 -110 200
16 48 -110 210
16 49 -110 220
16 50 -110 230
17 4 -100 -230
17 5 -100 -220
17 6 -100 -210
17 7 -100 -200
17 8 -100 -190
17 9 -100 -180
17 10 -100 -170
17 11 -100 -160
17 12 -100 -150
17 13 -100 -140
17 14 -100 -130
17 15 -100 -120
17 16 -100 -110
17 17 -100 -100
17 18 -100 -90
17 19 -100 -80
17 20 -100 -70
17 21 -100 -60
17 22 -100 -50
17 23 -100 -40
17 24 -100 -30
17 25 -100 -20
17 26 -100 -10
17 27 -100 0
17 28 -100 10
17 29 -100 20
17 30 -100 30
17 31 -100 40
17 32 -100 50
17 33 -100 60
17 34 -100 70
17 35 -100 80
17 36 -100 90
17 37 -100 100
17 38 -100 110
17 39 -100 120
17 40 -100 130
17 41 -100 140
17 42 -100 150
17 43 -100 160
17 44 -100 170
17 45 -100 180
17 46 -100 190
17 47 -100 200
17 48 -100 210
17 49 -100 220
17 50 -100 230
18 4 -90 -230
18 5 -90 -220
18 6 -90 -210
18 7 -90 -200
18 8 -90 -190
18 9 -90 -180
18 10 -90 -170
18 11 -90 -160
18 12 -90 -150
18 13 -90 -140
18 14 -90 -130
18 15 -90 -120
18 16 -90 -110
18 17 -90 -100
18 18 -90 -90
18 19 -90 -80
18 20 -90 -70
18 21 -90 -60
18 22 -90 -50
18 23 -90 -40
18 24 -90 -30
18 25 -90 -20
18 26 -90 -10
18 27 -90 0
18 28 -90 10
18 29 -90 20
18 30 -90 30
18 31 -90 40
18 32 -90 50
18 33 -90 60
18 34 -90 70
18 35 -90 80
18 36 -90 90
18 37 -90 100
18 38 -90 110
18 39 -90 120
18 40 -90 130
18 41 -90 140
18 42 -90 150
18 43 -90 160
18 44 -90 170
18 45 -90 180
18 46 -90 190
18 47 -90 200
18 48 -90 210
18 49 -90 220
18 50 -90 230
19 3 -80 -240
19 4 -80 -230
19 5 -80 -220
19 6 -80 -210
19 7 -80 -200
19 8 -80 -190
19 9 -80 -180
19 10 -80 -170
19 11 -80 -160
19 12 -80 -150
19 13 -80 -140
19 14 -80 -130
19 15 -80 -120
19 16 -80 -110
19 17 -80 -100
19 18 -80 -90
19 19 -80 -80
19 20 -80 -70
19 21 -80 -60
19 22 -80 -50
19 23 -80 -40
19 24 -80 -30
19 25 -80 -20
19 26 -80 -10
19 27 -80 0
19 28 -80 10
19 29 -80 20
19 30 -80 30
19 31 -80 40
19 32 -80 50
19 33 -80 60
19 34 -80 70
19 35 -80 80
19 36 -80 90
19 37 -80 100
19 38 -80 110
19 39 -80 120
19 40 -80 130
19 41 -80 140
19 42 -80 150
19 43 -80 160
19 44 -80 170
19 45 -80 180
19 46 -80 190
19 47 -80 200
19 48 -80 210
19 49 -80 220
19 50 -80 230
19 51 -80 240
20 3 -70 -240
20 4 -70 -230
20 5 -70 -220
20 6 -70 -210
20 7 -70 -200
20 8 -70 -190
20 9 -70 -180
20 10 -70 -170
20 11 -70 -160
20 12 -70 -150
20 13 -70 -140
20 14 -70 -130
20 15 -70 -120
20 16 -70 -110
20 17 -70 -100
20 18 -70 -90
20 19 -70 -80
20 20 -70 -70
20 21 -70 -60
20 22 -70 -50
20 23 -70 -40
20 24 -70 -30
20 25 -70 -20
20 26 -70 -10
20 27 -70 0
20 28 -70 10
20 29 -70 20
20 30 -70 30
20 31 -70 40
20 32 -70 50
20 33 -70 60
20 34 -70 70
20 35 -70 80
20 36 -70 90
20 37 -70 100
20 38 -70 110
20 39 -70 120
20 40 -70 130
20 41 -70 140
20 42 -70 150
20 43 -70 160
20 44 -70 170
20 45 -70 180
20 46 -70 190
20 47 -70 200
20 48 -70 210
20 49 -70 220
20 50 -70 230
20 51 -70 240
21 3 -60 -240
21 4 -60 -230
21 5 -60 -220
21 6 -60 -210
21 7 -60 -200
21 8 -60 -190
21 9 -60 -180
21 10 -60 -170
21 11 -60 -160
21 12 -60 -150
21 13 -60 -140
21 14 -60 -130
21 15 -60 -120
21 16 -60 -110
21 17 -60 -100
21 18 -60 -90
21 19 -60 -80
21 20 -60 -70
21 21 -60 -60
21 22 -60 -50
21 23 -60 -40
21 24 -60 -30
21 25 -60 -20
21 26 -60 -10
21 27 -60 0
21 28 -60 10
21 29 -60 20
21 30 -60 30
21 31 -60 40
21 32 -60 50
21 33 -60 60
21 34 -60 70
21 35 -60 80
21 36 -60 90
21 37 -60 100
21 38 -60 110
21 39 -60 120
21 40 -60 130
21 41 -60 140
21 42 -60 150
21 43 -60 160
21 44 -60 170
21 45 -60 180
21 46 -60 190
21 47 -60 200
21 48 -60 210
21 49 -60 220
21 50 -60 230
21 51 -60 240
22 2 -50 -250
22 3 -50 -240
22 4 -50 -230
22 5 -50 -220
22 6 -50 -210
22 7 -50 -200
22 8 -50 -190
22 9 -50 -180
22 10 -50 -170
22 11 -50 -160
22 12 -50 -150
22 13 -50 -140
22 14 -50 -130
22 15 -50 -120
22 16 -50 -110
22 17 -50 -100
22 18 -50 -90
22 19 -50 -80
22 20 -50 -70
22 21 -50 -60
22 22 -50 -50
22 23 -50 -40
22 24 -50 -30
22 25 -50 -20
22 26 -50 -10
22 27 -50 0
22 28 -50 10
22 29 -50 20
22 30 -50 30
22 31 -50 40
22 32 -50 50
22 33 -50 60
22 34 -50 70
22 35 -50 80
22 36 -50 90
22 37 -50 100
22 38 -50 110
22 39 -50 120
22 40 -50 130
22 41 -50 140
22 42 -50 150
22 43 -50 160
22 44 -50 170
22 45 -50 180
22 46 -50 190
22 47 -50 200
22 48 -50 210
22 49 -50 220
22 50 -50 230
22 51 -50 240
22 52 -50 250
23 2 -40 -250
23 3 -40 -240
23 4 -40 -230
23 5 -40 -220
23 6 -40 -210
23 7 -40 -200
23 8 -40 -190
23 9 -40 -180
23 10 -40 -170
23 11 -40 -160
23 12 -40 -150
23 13 -40 -140
23 14 -40 -130
23 15 -40 -120
23 16 -40 -110
23 17 -40 -100
23 18 -40 -90
23 19 -40 -80
23 20 -40 -70
23 21 -40 -60
23 22 -40 -50
23 23 -40 -40
23 24 -40 -30
23 25 -40 -20
23 26 -40 -10
23 27 -40 0
23 28 -40 10
23 29 -40 20
23 30 -40 30
23 31 -40 40
23 32 -40 50
23 33 -40 60
23 34 -40 70
23 35 -40 80
23 36 -40 90
23 37 -40 100
23 38 -40 110
23 39 -40 120
23 40 -40 130
23 41 -40 140
23 42 -40 150
23 43 -40 160
23 44 -40 170
23 45 -40 180
23 46 -40 190
23 47 -40 200
23 48 -40 210
23 49 -40 220
23 50 -40 230
23 51 -40 240
23 52 -40 250
24 2 -30 -250
24 3 -30 -240
24 4 -30 -230
24 5 -30 -220
24 6 -30 -210
24 7 -30 -200
24 8 -30 -190
24 9 -30 -180
24 10 -30 -170
24 11 -30 -160
24 12 -30 -150
24 13 -30 -140
24 14 -30 -130
24 15 -30 -120
24 16 -30 -110
24 17 -30 -100
24 18 -30 -90
24 19 -30 -80
24 20 -30 -70
24 21 -30 -60
24 22 -30 -50
24 23 -30 -40
24 24 -30 -30
24 25 -30 -20
24 26 -30 -10
24 27 -30 0
24 28 -30 10
24 29 -30 20
24 30 -30 30
24 31 -30 40
24 32 -30 50
24 33 -30 60
24 34 -30 70
24 35 -30 80
24 36 -30 90
24 37 -30 100
24 38 -30 110
24 39 -30 120
24 40 -30 130
24 41 -30 140
24 42 -30 150
24 43 -30 160
24 44 -30 170
24 45 -30 180
24 46 -30 190
24 47 -30 200
24 48 -30 210
24 49 -30 220
24 50 -30 230
24 51 -30 240
24 52 -30 250
25 2 -20 -250
25 3 -20 -240
25 4 -20 -230
25 5 -20 -220
25 6 -20 -210
25 7 -20 -200
25 8 -20 -190
25 9 -20 -180
25 10 -20 -170
25 11 -20 -160
25 12 -20 -150
25 13 -20 -140
25 14 -20 -130
25 15 -20 -120
25 16 -20 -110
25 17 -20 -100
25 18 -20 -90
25 19 -20 -80
25 20 -20 -70
25 21 -20 -60
25 22 -20 -50
25 23 -20 -40
25 24 -20 -30
25 25 -20 -20
25 26 -20 -10
25 27 -20 0
25 28 -20 10
25 29 -20 20
25 30 -20 30
25 31 -20 40
25 32 -20 50
25 33 -20 60
25 34 -20 70
25 35 -20 80
25 36 -20 90
25 37 -20 100
25 38 -20 110
25 39 -20 120
25 40 -20 130
25 41 -20 140
25 42 -20 150
25 43 -20 160
25 44 -20 170
25 45 -20 180
25 46 -20 190
25 47 -20 200
25 48 -20 210
25 49 -20 220
25 50 -20 230
25 51 -20 240
25 52 -20 250
26 2 -10 -250
26 3 -10 -240
26 4 -10 -230
26 5 -10 -220
26 6 -10 -210
26 7 -10 -200
26 8 -10 -190
26 9 -10 -180
26 10 -10 -170
26 11 -10 -160
26 12 -10 -150
26 13 -10 -140
26 14 -10 -130
26 15 -10 -120
26 16 -10 -110
26 17 -10 -100
26 18 -10 -90
26 19 -10 -80
26 20 -10 -70
26 21 -10 -60
26 22 -10 -50
26 23 -10 -40
26 24 -10 -30
26 25 -10 -20
26 26 -10 -10
26 27 -10 0
26 28 -10 10
26 29 -10 20
26 30 -10 30
26 31 -10 40
26 32 -10 50
26 33 -10 60
26 34 -10 70
26 35 -10 80
26 36 -10 90
26 37 -10 100
26 38 -10 110
26 39 -10 120
26 40 -10 130
26 41 -10 140
26 42 -10 150
26 43 -10 160
26 44 -10 170
26 45 -10 180
26 46 -10 190
26 47 -10 200
26 48 -10 210
26 49 -10 220
26 50 -10 230
26 51 -10 240
26 52 -10 250
27 2 0 -250
27 3 0 -240
27 4 0 -230
27 5 0 -220
27 6 0 -210
27 7 0 -200
27 8 0 -190
27 9 0 -180
27 10 0 -170
27 11 0 -160
27 12 0 -150
27 13 0 -140
27 14 0 -130
27 15 0 -120
27 16 0 -110
27 17 0 -100
27 18 0 -90
27 19 0 -80
27 20 0 -70
27 21 0 -60
27 22 0 -50
27 23 0 -40
27 24 0 -30
27 25 0 -20
27 26 0 -10
27 28 0 10
27 29 0 20
27 30 0 30
27 31 0 40
27 32 0 50
27 33 0 60
27 34 0 70
27 35 0 80
27 36 0 90
27 37 0 100
27 38 0 110
27 39 0 120
27 40 0 130
27 41 0 140
27 42 0 150
27 43 0 160
27 44 0 170
27 45 0 180
27 46 0 190
27 47 0 200
27 48 0 210
27 49 0 220
27 50 0 230
27 51 0 240
27 52 0 250
28 2 10 -250
28 3 10 -240
28 4 10 -230
28 5 10 -220
28 6 10 -210
28 7 10 -200
28 8 10 -190
28 9 10 -180
28 10 10 -170
28 11 10 -160
28 12 10 -150
28 13 10 -140
28 14 10 -130
28 15 10 -120
28 16 10 -110
28 17 10 -100
28 18 10 -90
28 19 10 -80
28 20 10 -70
28 21 10 -60
28 22 10 -50
28 23 10 -40
28 24 10 -30
28 25 10 -20
28 26 10 -10
28 27 10 0
28 28 10 10
28 29 10 20
28 30 10 30
28 31 10 40
28 32 10 50
28 33 10 60
28 34 10 70
28 35 10 80
28 36 10 90
28 37 10 100
28 38 10 110
28 39 10 120
28 40 10 130
28 41 10 140
28 42 10 150
28 43 10 160
28 44 10 170
28 45 10 180
28 46 10 190
28 47 10 200
28 48 10 210
28 49 10 220
28 50 10 230
28 51 10 240
28 52 10 250
29 2 20 -250
29 3 20 -240
29 4 20 -230
29 5 20 -220
29 6 20 -210
29 7 20 -200
29 8 20 -190
29 9 20 -180
29 10 20 -170
29 11 20 -160
29 12 20 -150
29 13 20 -140
29 14 20 -130
29 15 20 -120
29 16 20 -110
29 17 20 -100
29 18 20 -90
29 19 20 -80
29 20 20 -70
29 21 20 -60
29 22 20 -50
29 23 20 -40
29 24 20 -30
29 25 20 -20
29 26 20 -10
29 27 20 0
29 28 20 10
29 29 20 20
29 30 20 30
29 31 20 40
29 32 20 50
29 33 20 60
29 34 20 70
29 35 20 80
29 36 20 90
29 37 20 100
29 38 20 110
29 39 20 120
29 40 20 130
29 41 20 140
29 42 20 150
29 43 20 160
29 44 20 170
29 45 20 180
29 46 20 190
29 47 20 200
29 48 20 210
29 49 20 220
29 50 20 230
29 51 20 240
29 52 20 250
30 2 30 -250
30 3 30 -240
30 4 30 -230
30 5 30 -220
30 6 30 -210
30 7 30 -200
30 8 30 -190
30 9 30 -180
30 10 30 -170
30 11 30 -160
30 12 30 -150
30 13 30 -140
30 14 30 -130
30 15 30 -120
30 16 30 -110
30 17 30 -100
30 18 30 -90
30 19 30 -80
30 20 30 -70
30 21 30 -60
30 22 30 -50
30 23 30 -40
30 24 30 -30
30 25 30 -20
30 26 30 -10
30 27 30 0
30 28 30 10
30 29 30 20
30 30 30 30
30 31 30 40
30 32 30 50
30 33 30 60
30 34 30 70
30 35 30 80
30 36 30 90
30 37 30 100
30 38 30 110
30 39 30 120
30 40 30 130
30 41 30 140
30 42 30 150
30 43 30 160
30 44 30 170
30 45 30 180
30 46 30 190
30 47 30 200
30 48 30 210
30 49 30 220
30 50 30 230
30 51 30 240
30 52 30 250
31 2 40 -250
31 3 40 -240
31 4 40 -230
31 5 40 -220
31 6 40 -210
31 7 40 -200
31 8 40 -190
31 9 40 -180
31 10 40 -170
31 11 40 -160
31 12 40 -150
31 13 40 -140
31 14 40 -130
31 15 40 -120
31 16 40 -110
31 17 40 -100
31 18 40 -90
31 19 40 -80
31 20 40 -70
31 21 40 -60
31 22 40 -50
31 23 40 -40
31 24 40 -30
31 25 40 -20
31 26 40 -10
31 27 40 0
31 28 40 10
31 29 40 20
31 30 40 30
31 31 40 40
31 32 40 50
31 33 40 60
31 34 40 70
31 35 40 80
31 36 40 90
31 37 40 100
31 38 40 110
31 39 40 120
31 40 40 130
31 41 40 140
31 42 40 150
31 43 40 160
31 44 40 170
31 45 40 180
31 46 40 190
31 47 40 200
31 48 40 210
31 49 40 220
31 50 40 230
31 51 40 240
31 52 40 250
32 2 50 -250
32 3 50 -240
32 4 50 -230
32 5 50 -220
32 6 50 -210
32 7 50 -200
32 8 50 -190
32 9 50 -180
32 10 50 -170
32 11 50 -160
32 12 50 -150
32 13 50 -140
32 14 50 -130
32 15 50 -120
32 16 50 -110
32 17 50 -100
32 18 50 -90
32 19 50 -80
32 20 50 -70
32 21 50 -60
32 22 50 -50
32 23 50 -40
32 24 50 -30
32 25 50 -20
32 26 50 -10
32 27 50 0
32 28 50 10
32 29 50 20
32 30 50 30
32 31 50 40
32 32 50 50
32 33 50 60
32 34 50 70
32 35 50 80
32 36 50 90
32 37 50 100
32 38 50 110
32 39 50 120
32 40 50 130
32 41 50 140
32 42 50 150
32 43 50 160
32 44 50 170
32 45 50 180
32 46 50 190
32 47 50 200
32 48 50 210
32 49 50 220
32 50 50 230
32 51 50 240
32 52 50 250
33 3 60 -240
33 4 60 -230
33 5 60 -220
33 6 60 -210
33 7 60 -200
33 8 60 -190
33 9 60 -180
33 10 60 -170
33 11 60 -160
33 12 60 -150
33 13 60 -140
33 14 60 -130
33 15 60 -120
33 16 60 -110
33 17 60 -100
33 18 60 -90
33 19 60 -80
33 20 60 -70
33 21 60 -60
33 22 60 -50
33 23 60 -40
33 24 60 -30
33 25 60 -20
33 26 60 -10
33 27 60 0
33 28 60 10
33 29 60 20
33 30 60 30
33 31 60 40
33 32 60 50
33 33 60 60
33 34 60 70
33 35 60 80
33 36 60 90
33 37 60 100
33 38 60 110
33 39 60 120
33 40 60 130
33 41 60 140
33 42 60 150
33 43 60 160
33 44 60 170
33 45 60 180
33 46 60 190
33 47 60 200
33 48 60 210
33 49 60 220
33 50 60 230
33 51 60 240
34 3 70 -240
34 4 70 -230
34 5 70 -220
34 6 70 -210
34 7 70 -200
34 8 70 -190
34 9 70 -180
34 10 70 -170
34 11 70 -160
34 12 70 -150
34 13 70 -140
34 14 70 -130
34 15 70 -120
34 16 70 -110
34 17 70 -100
34 18 70 -90
34 19 70 -80
34 20 70 -70
34 21 70 -60
34 22 70 -50
34 23 70 -40
34 24 70 -30
34 25 70 -20
34 26 70 -10
34 27 70 0
34 28 70 10
34 29 70 20
34 30 70 30
34 31 70 40
34 32 70 50
34 33 70 60
34 34 70 70
34 35 70 80
34 36 70 90
34 37 70 100
34 38 70 110
34 39 70 120
34 40 70 130
34 41 70 140
34 42 70 150
34 43 70 160
34 44 70 170
34 45 70 180
34 46 70 190
34 47 70 200
34 48 70 210
34 49 70 220
34 50 70 230
34 51 70 240
35 3 80 -240
35 4 80 -230
35 5 80 -220
35 6 80 -210
35 7 80 -200
35 8 80 -190
35 9 80 -180
35 10 80 -170
35 11 80 -160
35 12 80 -150
35 13 80 -140
35 14 80 -130
35 15 80 -120
35 16 80 -110
35 17 80 -100
35 18 80 -90
35 19 80 -80
35 20 80 -70
35 21 80 -60
35 22 80 -50
35 23 80 -40
35 24 80 -30
35 25 80 -20
35 26 80 -10
35 27 80 0
35 28 80 10
35 29 80 20
35 30 80 30
35 31 80 40
35 32 80 50
35 33 80 60
35 34 80 70
35 35 80 80
35 36 80 90
35 37 80 100
35 38 80 110
35 39 80 120
35 40 80 130
35 41 80 140
35 42 80 150
35 43 80 160
35 44 80 170
35 45 80 180
35 46 80 190
35 47 80 200
35 48 80 210
35 49 80 220
35 50 80 230
35 51 80 240
36 4 90 -230
36 5 90 -220
36 6 90 -210
36 7 90 -200
36 8 90 -190
36 9 90 -180
36 10 90 -170
36 11 90 -160
36 12 90 -150
36 13 90 -140
36 14 90 -130
36 15 90 -120
36 16 90 -110
36 17 90 -100
36 18 90 -90
36 19 90 -80
36 20 90 -70
36 21 90 -60
36 22 90 -50
36 23 90 -40
36 24 90 -30
36 25 90 -20
36 26 90 -10
36 27 90 0
36 28 90 10
36 29 90 20
36 30 90 30
36 31 90 40
36 32 90 50
36 33 90 60
36 34 90 70
36 35 90 80
36 36 90 90
36 37 90 100
36 38 90 110
36 39 90 120
36 40 90 130
36 41 90 140
36 42 90 150
36 43 90 160
36 44 90 170
36 45 90 180
36 46 90 190
36 47 90 200
36 48 90 210
36 49 90 220
36 50 90 230
37 4 100 -230
37 5 100 -220
37 6 100 -210
37 7 100 -200
37 8 100 -190
37 9 100 -180
37 10 100 -170
37 11 100 -160
37 12 100 -150
37 13 100 -140
37 14 100 -130
37 15 100 -120
37 16 100 -110
37 17 100 -100
37 18 100 -90
37 19 100 -80
37 20 100 -70
37 21 100 -60
37 22 100 -50
37 23 100 -40
37 24 100 -30
37 25 100 -20
37 26 100 -10
37 27 100 0
37 28 100 10
37 29 100 20
37 30 100 30
37 31 100 40
37 32 100 50
37 33 100 60
37 34 100 70
37 35 100 80
37 36 100 90
37 37 100 100
37 38 100 110
37 39 100 120
37 40 100 130
37 41 100 140
37 42 100 150
37 43 100 160
37 44 100 170
37 45 100 180
37 46 100 190
37 47 100 200
37 48 100 210
37 49 100 220
37 50 100 230
38 4 110 -230
38 5 110 -220
38 6 110 -210
38 7 110 -200
38 8 110 -190
38 9 110 -180
38 10 110 -170
38 11 110 -160
38 12 110 -150
38 13 110 -140
38 14 110 -130
38 15 110 -120
38 16 110 -110
38 17 110 -100
38 18 110 -90
38 19 110 -80
38 20 110 -70
38 21 110 -60
38 22 110 -50
38 23 110 -40
38 24 110 -30
38 25 110 -20
38 26 110 -10
38 27 110 0
38 28 110 10
38 29 110 20
38 30 110 30
38 31 110 40
38 32 110 50
38 33 110 60
38 34 110 70
38 35 110 80
38 36 110 90
38 37 110 100
38 38 110 110
38 39 110 120
38 40 110 130
38 41 110 140
38 42 110 150
38 43 110 160
38 44 110 170
38 45 110 180
38 46 110 190
38 47 110 200
38 48 110 210
38 49 110 220
38 50 110 230
39 5 120 -220
39 6 120 -210
39 7 120 -200
39 8 120 -190
39 9 120 -180
39 10 120 -170
39 11 120 -160
39 12 120 -150
39 13 120 -140
39 14 120 -130
39 15 120 -120
39 16 120 -110
39 17 120 -100
39 18 120 -90
39 19 120 -80
39 20 120 -70
39 21 120 -60
39 22 120 -50
39 23 120 -40
39 24 120 -30
39 25 120 -20
39 26 120 -10
39 27 120 0
39 28 120 10
39 29 120 20
39 30 120 30
39 31 120 40
39 32 120 50
39 33 120 60
39 34 120 70
39 35 120 80
39 36 120 90
39 37 120 100
39 38 120 110
39 39 120 120
39 40 120 130
39 41 120 140
39 42 120 150
39 43 120 160
39 44 120 170
39 45 120 180
39 46 120 190
39 47 120 200
39 48 120 210
39 49 120 220
40 6 130 -210
40 7 130 -200
40 8 130 -190
40 9 130 -180
40 10 130 -170
40 11 130 -160
40 12 130 -150
40 13 130 -140
40 14 130 -130
40 15 130 -120
40 16 130 -110
40 17 130 -100
40 18 130 -90
40 19 130 -80
40 20 130 -70
40 21 130 -60
40 22 130 -50
40 23 130 -40
40 24 130 -30
40 25 130 -20
40 26 130 -10
40 27 130 0
40 28 130 10
40 29 130 20
40 30 130 30
40 31 130 40
40 32 130 50
40 33 130 60
40 34 130 70
40 35 130 80
40 36 130 90
40 37 130 100
40 38 130 110
40 39 130 120
40 40 130 130
40 41 130 140
40 42 130 150
40 43 130 160
40 44 130 170
40 45 130 180
40 46 130 190
40 47 130 200
40 48 130 210
41 6 140 -210
41 7 140 -200
41 8 140 -190
41 9 140 -180
41 10 140 -170
41 11 140 -160
41 12 140 -150
41 13 140 -140
41 14 140 -130
41 15 140 -120
41 16 140 -110
41 17 140 -100
41 18 140 -90
41 19 140 -80
41 20 140 -70
41 21 140 -60
41 22 140 -50
41 23 140 -40
41 24 140 -30
41 25 140 -20
41 26 140 -10
41 27 140 0
41 28 140 10
41 29 140 20
41 30 140 30
41 31 140 40
41 32 140 50
41 33 140 60
41 34 140 70
41 35 140 80
41 36 140 90
41 37 140 100
41 38 140 110
41 39 140 120
41 40 140 130
41 41 140 140
41 42 140 150
41 43 140 160
41 44 140 170
41 45 140 180
41 46 140 190
41 47 140 200
41 48 140 210
42 7 150 -200
42 8 150 -190
42 9 150 -180
42 10 150 -170
42 11 150 -160
42 12 150 -150
42 13 150 -140
42 14 150 -130
42 15 150 -120
42 16 150 -110
42 17 150 -100
42 18 150 -90
42 19 150 -80
42 20 150 -70
42 21 150 -60
42 22 150 -50
42 23 150 -40
42 24 150 -30
42 25 150 -20
42 26 150 -10
42 27 150 0
42 28 150 10
42 29 150 20
42 30 150 30
42 31 150 40
42 32 150 50
42 33 150 60
42 34 150 70
42 35 150 80
42 36 150 90
42 37 150 100
42 38 150 110
42 39 150 120
42 40 150 130
42 41 150 140
42 42 150 150
42 43 150 160
42 44 150 170
42 45 150 180
42 46 150 190
42 47 150 200
43 8 160 -190
43 9 160 -180
43 10 160 -170
43 11 160 -160
43 12 160 -150
43 13 160 -140
43 14 160 -130
43 15 160 -120
43 16 160 -110
43 17 160 -100
43 18 160 -90
43 19 160 -80
43 20 160 -70
43 21 160 -60
43 22 160 -50
43 23 160 -40
43 24 160 -30
43 25 160 -20
43 26 160 -10
43 27 160 0
43 28 160 10
43 29 160 20
43 30 160 30
43 31 160 40
43 32 160 50
43 33 160 60
43 34 160 70
43 35 160 80
43 36 160 90
43 37 160 100
43 38 160 110
43 39 160 120
43 40 160 130
43 41 160 140
43 42 160 150
43 43 160 160
43 44 160 170
43 45 160 180
43 46 160 190
44 9 170 -180
44 10 170 -170
44 11 170 -160
44 12 170 -150
44 13 170 -140
44 14 170 -130
44 15 170 -120
44 16 170 -110
44 17 170 -100
44 18 170 -90
44 19 170 -80
44 20 170 -70
44 21 170 -60
44 22 170 -50
44 23 170 -40
44 24 170 -30
44 25 170 -20
44 26 170 -10
44 27 170 0
44 28 170 10
44 29 170 20
44 30 170 30
44 31 170 40
44 32 170 50
44 33 170 60
44 34 170 70
44 35 170 80
44 36 170 90
44 37 170 100
44 38 170 110
44 39 170 120
44 40 170 130
44 41 170 140
44 42 170 150
44 43 170 160
44 44 170 170
44 45 170 180
45 9 180 -180
45 10 180 -170
45 11 180 -160
45 12 180 -150
45 13 180 -140
45 14 180 -130
45 15 180 -120
45 16 180 -110
45 17 180 -100
45 18 180 -90
45 19 180 -80
45 20 180 -70
45 21 180 -60
45 22 180 -50
45 23 180 -40
45 24 180 -30
45 25 180 -20
45 26 180 -10
45 27 180 0
45 28 180 10
45 29 180 20
45 30 180 30
45 31 180 40
45 32 180 50
45 33 180 60
45 34 180 70
45 35 180 80
45 36 180 90
45 37 180 100
45 38 180 110
45 39 180 120
45 40 180 130
45 41 180 140
45 42 180 150
45 43 180 160
45 44 180 170
45 45 180 180
46 11 190 -160
46 12 190 -150
46 13 190 -140
46 14 190 -130
46 15 190 -120
46 16 190 -110
46 17 190 -100
46 18 190 -90
46 19 190 -80
46 20 190 -70
46 21 190 -60
46 22 190 -50
46 23 190 -40
46 24 190 -30
46 25 190 -20
46 26 190 -10
46 27 190 0
46 28 190 10
46 29 190 20
46 30 190 30
46 31 190 40
46 32 190 50
46 33 190 60
46 34 190 70
46 35 190 80
46 36 190 90
46 37 190 100
46 38 190 110
46 39 190 120
46 40 190 130
46 41 190 140
46 42 190 150
46 43 190 160
47 12 200 -150
47 13 200 -140
47 14 200 -130
47 15 200 -120
47 16 200 -110
47 17 200 -100
47 18 200 -90
47 19 200 -80
47 20 200 -70
47 21 200 -60
47 22 200 -50
47 23 200 -40
47 24 200 -30
47 25 200 -20
47 26 200 -10
47 27 200 0
47 28 200 10
47 29 200 20
47 30 200 30
47 31 200 40
47 32 200 50
47 33 200 60
47 34 200 70
47 35 200 80
47 36 200 90
47 37 200 100
47 38 200 110
47 39 200 120
47 40 200 130
47 41 200 140
47 42 200 150
48 13 210 -140
48 14 210 -130
48 15 210 -120
48 16 210 -110
48 17 210 -100
48 18 210 -90
48 19 210 -80
48 20 210 -70
48 21 210 -60
48 22 210 -50
48 23 210 -40
48 24 210 -30
48 25 210 -20
48 26 210 -10
48 27 210 0
48 28 210 10
48 29 210 20
48 30 210 30
48 31 210 40
48 32 210 50
48 33 210 60
48 34 210 70
48 35 210 80
48 36 210 90
48 37 210 100
48 38 210 110
48 39 210 120
48 40 210 130
48 41 210 140
49 15 220 -120
49 16 220 -110
49 17 220 -100
49 18 220 -90
49 19 220 -80
49 20 220 -70
49 21 220 -60
49 22 220 -50
49 23 220 -40
49 24 220 -30
49 25 220 -20
49 26 220 -10
49 27 220 0
49 28 220 10
49 29 220 20
49 30 220 30
49 31 220 40
49 32 220 50
49 33 220 60
49 34 220 70
49 35 220 80
49 36 220 90
49 37 220 100
49 38 220 110
49 39 220 120
50 16 230 -110
50 17 230 -100
50 18 230 -90
50 19 230 -80
50 20 230 -70
50 21 230 -60
50 22 230 -50
50 23 230 -40
50 24 230 -30
50 25 230 -20
50 26 230 -10
50 27 230 0
50 28 230 10
50 29 230 20
50 30 230 30
50 31 230 40
50 32 230 50
50 33 230 60
50 34 230 70
50 35 230 80
50 36 230 90
50 37 230 100
50 38 230 110
51 19 240 -80
51 20 240 -70
51 21 240 -60
51 22 240 -50
51 23 240 -40
51 24 240 -30
51 25 240 -20
51 26 240 -10
51 27 240 0
51 28 240 10
51 29 240 20
51 30 240 30
51 31 240 40
51 32 240 50
51 33 240 60
51 34 240 70
51 35 240 80
52 22 250 -50
52 23 250 -40
52 24 250 -30
52 25 250 -20
52 26 250 -10
52 27 250 0
52 28 250 10
52 29 250 20
52 30 250 30
52 31 250 40
52 32 250 50
