1.02345 1.01456 1.00876 1.00541 1.00832 1.01238 1.018 1.02331 1.00428 0.957027 0.928717 0.894525 0.873416 0.885076 0.923709 0.999765 
1.0064 0.989919 0.982199 0.982315 0.982969 0.982363 0.997585 1.00794 0.985128 0.935556 0.89276 0.873076 0.851324 0.851235 0.909457 0.985479 
0.992882 0.971095 0.964688 0.962197 0.955224 0.964369 0.978691 0.994643 0.973363 0.916587 0.894924 0.831225 0.832384 0.851238 0.890314 0.972759 
0.98902 0.964261 0.953561 0.95185 0.952423 0.947911 0.975201 0.985631 0.967935 0.920305 0.877758 0.811468 0.813472 0.816003 0.867095 0.96678 
0.988151 0.967999 0.955544 0.946743 0.958785 0.950931 0.961056 0.984133 0.966879 0.913283 0.856652 0.821519 0.820227 0.807525 0.881413 0.968873 
0.994011 0.973725 0.957086 0.9555 0.961761 0.977234 0.966919 0.989367 0.970305 0.917184 0.876832 0.861705 0.819792 0.831674 0.886801 0.9674 
1.00805 0.9931 0.987261 0.972104 0.981978 0.980447 0.989988 1.00822 0.986441 0.926377 0.898408 0.880079 0.838132 0.831146 0.89687 0.980487 
1.03369 1.0215 1.01447 1.01229 1.00785 1.0144 1.0155 1.03229 1.01783 0.96988 0.927309 0.899712 0.883195 0.898906 0.930374 1.00819 
1.02743 1.01752 1.01161 1.0123 1.01108 1.01606 1.01963 1.02905 1.00687 0.961213 0.930048 0.896364 0.91092 0.882551 0.93102 1.00653 
0.997937 0.980539 0.970859 0.967387 0.971639 0.982459 0.984557 0.996255 0.975843 0.916588 0.888342 0.85108 0.832988 0.844856 0.890084 0.976727 
0.973118 0.954585 0.947916 0.941366 0.940702 0.949846 0.95819 0.974732 0.954114 0.882983 0.860785 0.82547 0.757935 0.829601 0.861742 0.952178 
0.955688 0.93682 0.928998 0.931734 0.930777 0.930338 0.933594 0.956026 0.942053 0.887874 0.847248 0.828871 0.803859 0.812064 0.846692 0.935791 
0.951532 0.931073 0.917697 0.910902 0.914029 0.909838 0.927629 0.947882 0.934176 0.891342 0.835396 0.810922 0.808429 0.818851 0.836851 0.924981 
0.952167 0.934334 0.928879 0.922567 0.920436 0.926545 0.938257 0.950143 0.938186 0.890491 0.857186 0.814602 0.839272 0.797669 0.855557 0.929943 
0.974363 0.955976 0.93919 0.945006 0.932035 0.942155 0.946998 0.971693 0.957169 0.904365 0.867204 0.849582 0.825612 0.82837 0.869039 0.944283 
1.02704 1.01291 1.00705 1.00983 1.00192 1.00577 1.01253 1.02519 1.00795 0.958532 0.927863 0.906057 0.867864 0.872551 0.916933 0.999173 
