1.01358 1.00453 0.999688 0.998777 0.99943 1.00374 1.00796 1.01503 0.990757 0.942109 0.90186 0.877768 0.847534 0.857578 0.893965 0.984852 
0.995147 0.977118 0.973606 0.970758 0.973797 0.972919 0.986358 0.997085 0.975017 0.913023 0.87077 0.851656 0.83489 0.836209 0.886171 0.975303 
0.981745 0.961649 0.948093 0.957118 0.952304 0.965653 0.96948 0.984969 0.963323 0.904776 0.862252 0.82646 0.815431 0.812805 0.880273 0.959615 
0.976415 0.955518 0.939654 0.935151 0.935513 0.952554 0.960832 0.981514 0.958925 0.895059 0.845926 0.807558 0.794401 0.819633 0.849058 0.947708 
0.977195 0.955933 0.934278 0.929793 0.939614 0.957036 0.955399 0.975657 0.95494 0.890033 0.838936 0.781121 0.786578 0.786319 0.85004 0.952686 
0.984111 0.963427 0.946691 0.93667 0.95259 0.952095 0.952798 0.982011 0.961942 0.894706 0.852084 0.823452 0.80281 0.804129 0.85719 0.953618 
0.998672 0.984484 0.963615 0.960845 0.96289 0.966692 0.981043 0.996783 0.980389 0.919447 0.874908 0.84973 0.840699 0.818951 0.886832 0.965365 
1.02455 1.0117 1.00647 0.999157 1.00369 1.00706 1.00426 1.0226 1.0045 0.946892 0.907107 0.868104 0.854556 0.864361 0.8989 0.995251 
1.01629 1.00532 1.00065 0.999766 1.00393 1.00722 1.00869 1.01848 0.9972 0.941269 0.912282 0.874829 0.859518 0.855045 0.901105 0.990762 
0.988165 0.967871 0.961792 0.953977 0.96077 0.9666 0.973726 0.988524 0.96322 0.903474 0.869391 0.833719 0.837093 0.82365 0.869221 0.966253 
0.965306 0.944858 0.938695 0.935487 0.930363 0.938352 0.949146 0.962471 0.940156 0.880176 0.835523 0.822054 0.803176 0.805198 0.847137 0.937138 
0.950472 0.927021 0.913424 0.921047 0.911817 0.926345 0.931411 0.947855 0.935313 0.866075 0.82727 0.796618 0.777044 0.793693 0.839081 0.924845 
0.947221 0.909533 0.913246 0.915873 0.914148 0.910197 0.916171 0.938671 0.926716 0.866722 0.826206 0.794036 0.805708 0.792528 0.8295 0.915156 
0.947216 0.929837 0.906301 0.919204 0.913257 0.919544 0.919564 0.94197 0.928234 0.867973 0.829066 0.79373 0.79626 0.801464 0.827924 0.914715 
0.962529 0.947522 0.933187 0.936331 0.928423 0.943141 0.94098 0.961164 0.945437 0.88936 0.842723 0.822194 0.803434 0.804334 0.846751 0.930995 
1.01804 1.00343 0.992033 0.993242 0.995217 0.997222 1.00523 1.01736 0.99868 0.942038 0.906934 0.87631 0.854381 0.857141 0.897469 0.980384 
