1.02444 1.01614 1.01107 1.01118 1.0149 1.01477 1.02192 1.02487 1.00658 0.955331 0.934859 0.909455 0.902262 0.91777 0.939608 0.997192 
1.0055 0.993669 0.988022 0.985083 0.989698 0.990117 0.996812 1.00998 0.986528 0.939708 0.911464 0.885967 0.882552 0.897975 0.925921 0.980266 
0.995171 0.982205 0.967287 0.962678 0.965595 0.970206 0.982049 0.997395 0.971945 0.917543 0.88804 0.857722 0.859036 0.873841 0.906948 0.971636 
0.988801 0.965979 0.960244 0.956822 0.954492 0.957286 0.970547 0.985733 0.971041 0.9143 0.887265 0.855614 0.832073 0.855816 0.896289 0.966362 
0.989614 0.969311 0.962276 0.952918 0.959023 0.963727 0.969849 0.985777 0.970816 0.914282 0.864802 0.86128 0.856649 0.857055 0.900569 0.965832 
0.996038 0.977135 0.96619 0.959009 0.96406 0.968514 0.9726 0.992145 0.976421 0.925515 0.889181 0.870942 0.844607 0.83303 0.89066 0.964181 
1.01286 0.995251 0.984411 0.975335 0.978868 0.987368 0.999955 1.00538 0.994453 0.942578 0.913404 0.881467 0.876185 0.888259 0.918113 0.978787 
1.03763 1.03083 1.01957 1.02284 1.0174 1.02311 1.02469 1.03356 1.0199 0.970915 0.939169 0.918065 0.905146 0.91781 0.938741 1.00352 
1.0281 1.01879 1.01302 1.01459 1.01936 1.01859 1.02507 1.03015 1.01139 0.959507 0.938252 0.916528 0.908429 0.920511 0.947252 1.00244 
0.99793 0.982938 0.975613 0.979 0.982476 0.987343 0.995446 1.00079 0.978901 0.923434 0.887187 0.886447 0.867104 0.879452 0.91478 0.972579 
0.977623 0.958908 0.950449 0.946742 0.946655 0.950782 0.96679 0.972553 0.960206 0.908994 0.859409 0.857467 0.850928 0.829753 0.89798 0.955612 
0.958932 0.940519 0.930222 0.930041 0.931797 0.933495 0.935906 0.958783 0.938258 0.883529 0.844554 0.826572 0.82199 0.836353 0.872386 0.933564 
0.956323 0.931 0.922855 0.927785 0.933507 0.929341 0.938777 0.953071 0.935449 0.873516 0.853131 0.843125 0.818155 0.815671 0.856716 0.919293 
0.953756 0.938114 0.929824 0.92737 0.920816 0.938103 0.944058 0.951575 0.944718 0.885035 0.853007 0.826438 0.831053 0.822776 0.87218 0.923944 
0.974221 0.960039 0.949182 0.948186 0.950725 0.949404 0.958323 0.974764 0.960302 0.908837 0.86774 0.86296 0.857281 0.863622 0.876148 0.943008 
1.03118 1.01813 1.01184 1.00712 1.0101 1.00997 1.01647 1.02683 1.00984 0.964819 0.929063 0.915011 0.908736 0.915758 0.933773 0.990704 
