16974336  0.00113428  -8.74928e-05  0.00289275  2.33703  -2.63347  -5.05168
16990720  0.000850785  0.000539955  0.00368812  2.31683  -2.53597  -5.22162
17007104  0.000882032  5.55639e-05  0.00293825  2.32524  -2.76212  -3.93947
17023488  0.000591052  0.000333477  0.00310872  2.34411  -2.8657  -3.78042
16975360  0.000606414  0.000245904  0.00113692  2.50543  -2.61765  -5.08725
16991744  0.000991351  0.000242052  0.00146628  2.48364  -2.53183  -5.26389
17008128  0.00052553  0.000383603  0.00161396  2.56342  -2.6883  -3.93821
17024512  0.000520623  0.000575448  0.00372761  2.62749  -2.75074  -3.77541
16976384  0.000577767  0.000192076  0.0050173  2.45361  -2.68738  -5.13184
16992768  0.00202711  8.23772e-05  0.00443749  2.4466  -2.55201  -5.31596
17009152  0.000370011  -8.1952e-05  0.00372218  2.44889  -2.7365  -4.04
17025536  -0.00104431  0.000362844  0.00242725  2.45984  -2.69777  -3.8589
16977408  -0.000338476  -7.09075e-05  0.0142326  -1.78335  -2.86443  -5.51265
16993792  -0.000324157  -0.00102412  0.00902242  -1.80905  -2.92217  -5.67054
17010176  -0.000240843  -1.15945e-05  0.00931231  -1.78763  -2.83927  -4.43326
17026560  -0.000581338  -0.000305443  0.00899371  -1.80007  -2.7944  -4.23541
16978432  -0.000884853  -3.87778e-05  0.0128401  -2.07509  -2.972  -5.34566
16994816  -4.60897e-05  0.000659445  0.0148963  -2.10106  -3.01514  -5.52034
17011200  -0.00060146  0.000503851  0.014635  -2.03485  -2.88261  -4.28333
17027584  -0.000727499  0.000133097  0.0149872  -1.98941  -2.81148  -4.09078
16979456  -0.000392015  -0.000409865  0.000191231  -1.70822  -2.74429  -5.14939
16995840  -1.81292e-06  0.000609341  0.00224764  -1.71635  -2.75269  -5.32409
17012224  -0.000410166  0.00020204  0.00198618  -1.7094  -2.69393  -4.08704
17028608  -0.000338805  -0.000182995  0.00233837  -1.69797  -2.65159  -3.89447
16980480  -3.27963e-05  -0.000663623  0.00671177  -1.6999  -3.04201  -5.38145
16996864  -0.000328502  0.000517105  0.00585934  -1.68613  -3.07295  -5.54497
17013248  -0.000492896  0.000421668  0.00451884  -1.68188  -3.00272  -4.27156
17029632  -0.000442904  0.000115931  0.00228062  -1.67535  -2.97115  -4.09858
16981504  0.000897608  0.000427429  0.000619039  -1.84362  -3.07724  -5.25365
16997888  -0.000570444  0.00195948  -0.00275458  -1.95597  -3.04586  -5.41772
17014272  0.000163358  0.000486704  0.00169928  -1.7859  -3.09577  -4.14707
17030656  0.000712859  7.31278e-05  0.00165362  -1.74266  -3.14671  -3.95689
16982528  -0.000213751  0.00148308  -0.000730324  -1.81459  -3.25724  -5.28974
16998912  -0.000492877  0.0016202  -0.00203648  -2.00055  -3.30624  -5.46123
17015296  -0.00045445  0.00141308  0.00112215  -1.64807  -3.16276  -4.23999
17031680  -7.06564e-05  0.00120837  -0.000639168  -1.48142  -3.13264  -4.05651
16983552  0.00196234  0.00105728  0.00711451  2.68222  -2.65788  -5.21214
16999936  0.00202246  0.00111739  0.0069669  2.56145  -2.44357  -5.38456
17016320  0.0015318  0.00125898  0.00689905  2.84671  -2.87497  -4.07214
17032704  0.000936282  0.000886432  0.0083539  2.97437  -3.02419  -3.90843
16984576  0.00154363  0.000986695  0.00446267  2.62563  -2.68064  -5.29422
17000960  0.000606528  0.000995948  0.00485132  2.49398  -2.53644  -5.40365
17017344  0.00076653  -8.59093e-05  0.00918002  2.68794  -2.82466  -4.16194
17033728  0.000816612  0.000439167  0.00993187  2.70737  -2.92946  -3.98769
16985600  0.000822349  0.000941004  0.00461614  2.57389  -2.49332  -5.22692
17001984  6.24136e-06  0.000480338  0.00500841  2.46736  -2.43672  -5.33645
17018368  0.00068587  -0.000376471  0.00933713  2.61  -2.58413  -4.09458
17034752  0.000466628  0.000103266  0.0100889  2.5996  -2.66274  -3.92031
17039872  0.00119235  0.000383015  0.0080896  2.9853  -2.55814  -5.07449
17056256  0.00101015  0.000246954  0.00723741  2.98009  -2.42803  -5.27093
17072640  0.000746865  7.142e-05  0.00899863  2.99655  -2.69425  -3.9931
17089024  0.000764676  0.00166673  0.00783964  3.06107  -2.77357  -3.80877
17040896  -0.000313821  0.00100148  0.0036419  2.88541  -2.36997  -5.1519
17057280  0.000282166  0.000604777  0.00425585  2.79988  -2.37277  -5.34588
17073664  0.000841492  -0.000854127  0.00693976  2.89347  -2.45731  -4.00053
17090048  0.000429685  0.000317271  0.0117047  2.8536  -2.5463  -3.83118
17041920  -0.000768931  0.000419549  0.00393991  2.65918  -2.13768  -5.09888
17058304  -5.4424e-05  0.000374197  0.00455407  2.62029  -2.18244  -5.29287
17074688  0.00115971  -0.000609226  0.00723807  2.67173  -2.20977  -3.94745
17091072  0.000217136  0.00019905  0.0120028  2.64797  -2.30721  -3.77808
17042944  0.000359593  -0.0002919  -0.0138487  2.42796  -1.96957  -5.00164
17059328  0.00113573  -0.00035627  -0.0120872  2.47666  -1.88516  -5.15557
17075712  0.000925321  0.00016195  -0.0118832  2.45936  -2.05651  -3.87936
17092096  -0.000543408  0.00028687  -0.0119052  2.48822  -2.0915  -3.69031
17043968  -0.000170429  0.000538467  0.00815385  -2.02991  -2.62792  -5.3418
17060352  0.00221437  0.00150013  0.0062657  -2.12878  -2.53027  -5.51089
17076736  -0.000511818  -0.000296987  0.0116535  -1.95584  -2.57442  -4.15701
17093120  -0.00268046  -0.00106432  0.0144509  -2.0127  -2.41874  -4.04353
17044992  -0.000104858  0.000617622  0.00339221  -2.1468  -2.82763  -5.269
17061376  0.00148923  0.00263527  0.00150416  -2.30832  -2.75584  -5.43804
17077760  1.29574e-05  -0.000277167  0.00689187  -2.07823  -2.78513  -4.08422
17094144  -0.00148978  -0.00201889  0.00969629  -2.17758  -2.71415  -3.97069
17046016  -0.000730463  0.000574235  0.00368465  -2.02401  -3.08182  -5.41267
17062400  -0.000359513  0.00311873  0.00179863  -2.21047  -3.13887  -5.58168
17078784  -0.000180828  -0.000141607  0.00718418  -1.97385  -2.96734  -4.2279
17095168  -0.000610719  -0.00240148  0.00998526  -2.08471  -2.91717  -4.11436
17047040  -4.73919e-05  0.000259572  0.000914803  -2.32823  -3.39768  -5.43267
17063424  -0.000393817  0.000812283  0.00309685  -2.3609  -3.41317  -5.6001
17079808  -0.000586411  0.000939926  0.00122205  -2.25253  -3.37935  -4.33396
17096192  -0.000409832  0.000663447  0.00242625  -2.16127  -3.31193  -4.17942
17048064  -4.01104e-05  0.00103969  0.0013953  -2.13237  -3.67745  -5.36742
17064448  0.000729853  0.000620815  0.00479203  -2.2419  -3.64183  -5.53864
17080832  -0.000791912  0.00106777  0.000816652  -1.98522  -3.61641  -4.2681
17097216  -0.000323748  0.00106131  0.000566234  -1.86117  -3.54262  -4.08253
17049088  -0.000773787  0.000957738  -0.000611954  -1.84052  -3.71096  -5.36784
17065472  -0.00106366  0.000918168  -0.0021796  -1.94484  -3.84634  -5.51825
17081856  -0.00103217  0.00138002  0.00214941  -1.70176  -3.59594  -4.22913
17098240  -0.000417196  0.00128014  0.00603432  -1.5525  -3.51665  -4.05822
17050112  0.000927977  0.000881827  0.00231743  2.89488  -3.10899  -5.60916
17066496  0.000221846  0.000651388  0.00340868  2.79184  -3.02668  -5.80214
17082880  0.000643467  0.000691407  0.00187431  3.01706  -3.24852  -4.52413
17099264  0.000307335  0.00069065  0.00054528  3.10548  -3.31085  -4.34027
17051136  0.00033896  0.000315052  0.00369967  3.00849  -2.75956  -5.52373
17067520  0.000489087  0.000482723  0.00432473  2.97957  -2.71626  -5.67845
17083904  6.56773e-05  0.000266584  0.00319983  3.05722  -2.76283  -4.41861
17100288  0.000497332  0.000531848  0.000973058  3.11951  -2.79692  -4.23884
17105408  0.000701255  0.000628021  0.00165686  2.41884  -2.90761  -5.11457
17121792  0.000800857  -0.00047747  0.00220246  2.36799  -2.84439  -5.31865
17138176  0.000905022  0.000239716  0.00297435  2.46225  -3.01519  -4.05008
17154560  0.000779099  0.000688878  0.00524721  2.51893  -3.10996  -3.88855
17106432  0.000131674  0.000666248  0.00163277  2.48879  -2.8951  -5.11108
17122816  0.000319177  0.000139338  0.00346177  2.44277  -2.87753  -5.26958
17139200  0.000965316  -0.000357472  0.000417154  2.52781  -2.95093  -3.96841
17155584  0.000751779  0.000130304  0.00376841  2.54753  -3.04188  -3.8044
17107456  0.00017983  -2.81456e-05  0.00118195  2.57532  -3.00138  -5.08499
17123840  0.000701396  -6.13509e-05  0.00256813  2.59493  -2.94609  -5.24215
17140224  0.000462179  -0.000367257  0.00244314  2.52298  -3.04326  -3.93594
17156608  0.000189504  -0.00022246  0.00230667  2.50457  -3.07746  -3.75206
17108480  0.000185366  -0.000289604  0.00568639  2.49019  -2.91122  -4.94045
17124864  2.58396e-05  -3.0446e-05  0.00886745  2.52667  -2.88638  -5.09872
17141248  0.000170319  -0.000175134  0.0040165  2.44862  -2.94441  -3.79904
17157632  0.00083513  4.02469e-05  0.00188036  2.4273  -3.01215  -3.63625
17109504  -0.00066742  -0.000330401  0.00468583  -1.87094  -2.88551  -5.15437
17125888  -0.000812282  -0.000185076  0.00662884  -1.82991  -2.98817  -5.31275
17142272  -0.000628833  -0.000230074  0.00418618  -1.91243  -2.81613  -4.00431
17158656  -0.000346931  -0.000321669  0.00362931  -1.94987  -2.74666  -3.84246
17110528  5.23865e-05  7.20554e-05  0.00453287  -2.00842  -2.98117  -5.33798
17126912  -0.000396436  -0.00032407  0.00363501  -2.00161  -2.9989  -5.49055
17143296  0.000167332  0.00026727  0.00560058  -2.00641  -2.96287  -4.21034
17159680  -0.000166354  0.000254222  0.00850957  -1.96771  -2.967  -4.0471
17111552  0.000221006  0.000175387  -0.00215772  -1.56678  -3.12202  -5.46229
17127936  0.00132911  0.002024  -0.00294017  -1.6934  -3.04177  -5.59264
17144320  0.00100618  0.000378434  -0.000143532  -1.55625  -3.17972  -4.20608
17160704  0.000268181  -0.00187131  0.00446394  -1.61713  -3.23758  -4.02646
17112576  -1.43694e-05  -0.000136757  0.00421668  -1.59017  -3.03486  -5.27954
17128960  0.000248634  0.000690446  0.0052845  -1.60968  -3.01525  -5.44723
17145344  6.31073e-05  -9.87842e-05  0.00336453  -1.56306  -3.07256  -4.17757
17161728  -1.37655e-05  -0.000618519  0.00521663  -1.61732  -3.06357  -4.00116
17113600  -9.96919e-05  -5.78463e-05  0.00397774  -1.69097  -3.10514  -5.27512
17129984  -0.000173059  0.000807054  0.00504567  -1.7251  -3.11059  -5.44281
17146368  -4.2629e-05  6.87174e-06  0.00312558  -1.64181  -3.11142  -4.17315
17162752  8.51218e-05  -0.000502749  0.00497775  -1.68678  -3.10774  -3.99674
17114624  0.000355466  0.00065725  -0.000780283  -1.69449  -3.01316  -5.33426
17131008  -9.88655e-05  0.00150022  -0.000359598  -1.82443  -2.99434  -5.50646
17147392  -2.12327e-05  0.000886173  0.000185566  -1.5612  -3.01282  -4.20334
17163776  0.000806872  -0.000442217  0.000776168  -1.53758  -3.05594  -4.04804
17115648  -0.000242533  0.00146101  0.000514966  -1.7915  -3.07574  -5.44872
17132032  -0.000659247  0.00172257  0.000878947  -1.98196  -3.12605  -5.63492
17148416  -0.000522951  0.00168084  0.000333616  -1.53725  -3.05094  -4.29963
17164800  0.000407605  0.00127642  0.00284316  -1.38002  -3.03693  -4.1231
17116672  -0.000724509  0.00128258  0.000923522  -1.62253  -3.37079  -5.37292
17133056  -0.00147079  0.00147223  0.00139034  -1.79259  -3.48424  -5.51601
17149440  -0.00123368  0.00140455  0.00257175  -1.45325  -3.24853  -4.31185
17165824  -0.000832797  0.00127033  0.00768374  -1.32187  -3.147  -4.16594
17117696  0.00201349  0.00207072  0.00227507  2.48218  -2.94436  -5.80817
17134080  0.00284611  0.00219068  0.00337546  2.23008  -2.69722  -5.95233
17150464  0.00142942  0.00155428  0.00211715  2.71886  -3.17871  -4.59212
17166848  0.00102278  0.00132051  0.00549206  2.87466  -3.345  -4.43455
17118720  0.000430315  0.00086113  0.00746247  2.5201  -2.82851  -5.49971
17135104  0.00096156  0.00123019  0.00848457  2.39511  -2.74991  -5.66448
17151488  0.00076637  0.00122941  0.00565567  2.65912  -2.94341  -4.32701
17167872  0.00119359  0.0015687  0.00451887  2.80875  -3.031  -4.17601
17119744  0.000760278  0.00106834  0.00207899  2.51342  -2.64189  -5.32106
17136128  0.000660068  0.000876222  0.00179508  2.40491  -2.56491  -5.47772
17152512  0.000173083  0.000222926  0.00154535  2.64581  -2.70337  -4.17116
17168896  0.000654409  0.000965512  0.00369245  2.72912  -2.77041  -3.99854
17120768  0.000814203  0.000870499  0.00546909  2.37401  -2.56246  -5.0853
17137152  0.000813454  0.000392388  0.00496891  2.30165  -2.47266  -5.22572
17153536  0.000675901  0.000476421  0.00383286  2.45261  -2.6457  -3.96154
17169920  0.000812083  0.00105239  0.00675281  2.53394  -2.74662  -3.77395
17170944  0.000111272  0.000683984  0.000984877  3.07394  -2.6273  -5.27029
17187328  0.000298137  0.000548505  -0.00196941  3.01311  -2.5968  -5.41547
17203712  0.000501961  5.41623e-05  0.000609632  3.14505  -2.66705  -4.10792
17220096  0.00059894  -0.000632696  0.00307547  3.13268  -2.73598  -3.9503
17171968  0.000301399  0.000233861  0.00557978  3.04662  -2.53631  -5.22003
17188352  0.000423223  0.000648528  0.00399897  3.00842  -2.47189  -5.37789
17204736  0.000629783  0.000201262  0.00297627  3.07075  -2.58092  -4.08123
17221120  0.000800523  0.00024541  0.00220366  3.09844  -2.65428  -3.90256
17172992  0.000554967  -9.74941e-05  -0.0018633  2.95762  -2.49644  -5.20304
17189376  0.00127989  -0.000660929  -0.00348812  2.99179  -2.38435  -5.37376
17205760  0.000547613  0.000163815  -0.00070443  2.99002  -2.58117  -3.97081
17222144  9.79933e-05  0.00043133  0.00031796  3.02568  -2.63764  -3.82888
17174016  0.000932055  -0.000384199  -0.00587867  2.81613  -2.28175  -5.01133
17190400  0.00182558  -0.000716025  -0.00559528  2.86766  -2.13729  -5.16281
17206784  0.000904312  -0.000809464  -0.00498135  2.7318  -2.427  -3.83438
17223168  -6.08043e-06  -0.000260596  -0.00464095  2.69423  -2.48324  -3.65682
17175040  -0.000153187  -0.000933123  0.0156196  2.64872  -2.36747  -4.9139
17191424  -0.000147635  -0.000799787  0.016506  2.75306  -2.38449  -5.06264
17207808  0.000102276  -0.000777018  0.0114499  2.52174  -2.34986  -3.72714
17224192  6.98856e-05  -0.000889079  0.00680304  2.41014  -2.35777  -3.55558
17176064  -0.00091271  -0.000838427  0.00439987  -1.99952  -2.73996  -5.49101
17192448  0.000560179  -0.000170084  0.00909307  -1.90896  -2.78372  -5.68149
17208832  -3.71069e-05  -0.000331006  0.00503675  -2.02822  -2.79933  -4.36929
17225216  -0.000475902  -0.000571944  0.00612719  -2.06973  -2.77384  -4.21054
17177088  0.000360764  -0.000219753  0.00769858  -2.19736  -2.61905  -5.73042
17193472  0.000410809  -0.000287913  0.00693731  -2.1681  -2.58041  -5.87514
17209856  0.0004022  -4.34292e-05  0.0112208  -2.24097  -2.61891  -4.53417
17226240  0.00129234  0.000780321  0.0128908  -2.20789  -2.70433  -4.36809
17178112  0.000317337  -0.000532187  0.00710807  -2.14149  -2.91666  -5.48656
17194496  -6.3024e-05  -0.00118  0.00702874  -2.05105  -2.8972  -5.64981
17210880  0.000771788  0.000595998  0.00638109  -2.14207  -2.98921  -4.30622
17227264  0.000994451  0.00092687  0.00509711  -2.06296  -3.09683  -4.13762
17179136  0.000818119  9.14618e-05  0.0016118  -2.31132  -3.19706  -5.48835
17195520  0.00082928  0.00026646  0.000714243  -2.33073  -3.11107  -5.64782
17211904  0.000590071  -0.000200491  0.00232759  -2.32747  -3.26765  -4.40073
17228288  0.000676257  0.000569133  0.00240739  -2.30934  -3.34035  -4.22251
17180160  0.000261976  0.000535004  0.00465919  -2.33415  -3.29231  -5.49452
17196544  0.000204814  0.00070078  0.00376166  -2.40091  -3.27361  -5.65399
17212928  0.000164101  0.000177705  0.00537503  -2.30412  -3.30367  -4.40687
17229312  -5.30616e-05  0.000921069  0.00545496  -2.24365  -3.31059  -4.22864
17181184  0.000439037  0.000973021  0.00151222  -2.2286  -3.45562  -5.48677
17197568  0.000249386  0.000991061  0.00271671  -2.34826  -3.4249  -5.66571
17213952  -5.56368e-05  0.000744985  0.00149008  -2.11089  -3.48262  -4.37751
17230336  0.000347238  0.000576438  -0.000680476  -2.03142  -3.50415  -4.17555
17182208  -1.18612e-05  0.00116994  0.00545028  -1.95156  -3.65536  -5.24259
17198592  0.00087726  0.000672121  0.00701782  -2.08534  -3.61368  -5.39386
17214976  -0.000266826  0.00115336  0.00537092  -1.82143  -3.60862  -4.09922
17231360  0.000127716  0.00107141  0.00566631  -1.68594  -3.59539  -3.96013
17183232  -2.51371e-05  0.00130695  0.012748  -1.63757  -3.6234  -5.43487
17199616  -0.000225781  0.00106579  0.0145321  -1.78263  -3.66018  -5.59271
17216000  -0.00105792  0.00114329  0.0112719  -1.46389  -3.50935  -4.13141
17232384  0.000289682  0.00140671  0.0159057  -1.33935  -3.41972  -3.98755
17184256  0.00150484  0.00120462  0.00595658  2.81128  -3.1801  -5.47042
17200640  0.000797113  0.000837192  0.00535515  2.67626  -3.03617  -5.6473
17217024  0.000961639  0.000788808  0.00644564  2.94737  -3.32538  -4.33225
17233408  0.00123847  0.000963186  0.00607048  3.06095  -3.46666  -4.17023
17185280  0.00104474  0.000880414  0.010072  3.27711  -2.77851  -5.46647
17201664  0.000534017  0.000268012  0.00947015  3.19132  -2.68373  -5.64345
17218048  0.000704457  0.000286975  0.0105607  3.35226  -2.87597  -4.32819
17234432  0.000892386  0.000554794  0.0101857  3.41728  -2.97659  -4.16606
17186304  0.000753164  0.000903255  0.00459058  3.05847  -2.59456  -5.1339
17202688  0.000317831  0.000343643  0.00470446  2.97466  -2.53376  -5.28597
17219072  0.000671246  0.000505122  0.00489762  3.12629  -2.70445  -3.99584
17235456  0.000554366  0.000890909  0.00704454  3.20688  -2.78807  -3.84328
